10
80
11 24 29 32 44 66 72 75 82 96 119 132 141 163 169 170 175 182 205 209 230 234 238 242 252 277 283 303 332 338 349 438 476 486 504 530 542 548 556 568 573 579 585 589 601 612 628 629 645 657 672 675 692 697 698 732 741 742 745 763 773 785 801 815 818 831 836 858 861 895 897 900 909 924 939 950 961 976 978 994
310
2 4 5 11 17 18 21 24 25 26 27 29 32 41 44 49 51 54 57 58 62 65 66 72 75 82 83 86 88 91 94 96 114 116 119 132 134 140 141 148 150 154 159 163 169 170 175 177 182 183 188 189 202 205 207 209 210 211 212 213 223 225 227 228 230 231 234 236 238 242 252 263 265 267 270 272 277 283 289 294 299 303 317 325 326 330 332 333 337 338 341 346 349 352 353 354 355 356 361 373 374 380 388 396 399 402 403 410 411 413 419 420 429 431 435 437 438 439 440 444 445 454 460 462 464 469 472 476 478 482 483 486 487 489 497 499 501 502 504 507 508 509 510 511 515 518 519 526 527 531 532 537 540 541 542 544 548 552 556 559 562 568 569 572 573 576 579 585 587 589 590 592 599 601 610 611 612 613 614 618 626 628 629 630 633 645 648 653 657 658 671 672 675 676 680 684 686 689 690 692 697 698 702 704 706 712 716 718 722 724 725 726 729 732 735 741 742 745 748 752 762 763 765 766 768 771 773 777 784 785 788 790 791 792 801 802 804 808 815 816 817 818 821 822 825 827 828 831 833 835 836 843 844 846 847 852 857 858 861 862 870 873 878 883 884 885 886 889 891 893 894 895 896 897 898 900 909 910 911 916 918 922 924 926 928 930 931 932 935 939 940 945 950 952 954 956 959 961 963 968 975 976 978 979 980 981 988 992 994 998
163
0 2 4 10 12 21 24 28 32 34 38 42 43 45 53 55 63 64 65 70 78 80 83 84 91 96 104 107 111 116 118 126 141 150 156 157 166 179 191 197 205 209 210 217 222 232 233 237 238 249 251 254 255 262 266 269 271 278 282 291 297 299 301 303 304 305 311 313 324 331 338 342 343 349 364 378 379 380 393 396 412 423 433 447 477 505 529 532 536 538 546 551 557 559 563 566 568 574 591 628 637 648 650 653 664 665 668 671 672 674 675 688 696 707 726 727 734 746 751 753 754 760 766 767 772 779 781 783 798 804 805 807 810 818 819 830 834 837 849 864 872 877 878 889 892 897 900 923 928 935 936 937 941 945 953 961 966 967 972 982 985 991 996
358
0 2 4 8 10 11 12 14 21 24 28 32 34 36 37 38 39 40 42 43 44 45 47 51 53 55 56 63 64 65 68 69 70 72 75 76 78 80 83 84 86 91 93 95 96 103 104 106 107 109 111 116 118 122 126 127 129 130 140 141 143 144 147 150 152 156 157 164 166 167 168 169 172 173 179 185 188 189 191 197 201 204 205 206 208 209 210 211 213 214 215 217 218 221 222 223 227 229 232 233 235 237 238 241 242 245 249 250 251 254 255 262 264 266 269 270 271 278 282 283 287 291 297 298 299 301 303 304 305 311 313 316 320 324 326 331 333 334 338 340 342 343 346 348 349 350 358 360 361 364 366 367 375 376 379 380 381 385 386 388 389 393 394 396 402 404 407 409 412 419 423 426 430 432 433 434 440 447 450 451 457 459 461 467 471 475 477 481 483 487 488 495 499 500 504 505 512 526 529 532 535 536 538 546 551 555 557 559 563 565 566 568 574 575 578 581 586 588 591 598 611 613 619 624 626 628 632 635 636 637 642 648 649 650 651 653 659 662 663 664 665 666 668 671 672 673 674 675 680 682 684 688 696 698 702 705 707 709 726 727 728 729 734 740 742 746 749 751 753 754 757 760 761 765 766 767 771 772 779 780 781 783 784 793 798 802 804 805 807 810 811 813 818 819 822 823 828 830 833 834 836 837 839 841 843 846 849 863 864 869 872 876 877 878 879 882 884 889 892 897 900 902 914 915 916 920 923 928 929 930 934 935 936 937 940 941 944 945 946 948 950 952 953 954 958 960 961 964 966 967 970 972 977 978 982 985 991 996
108
2 4 7 14 15 16 19 26 33 37 40 64 71 98 99 121 126 127 142 144 156 166 176 179 189 211 216 221 229 233 234 244 266 272 273 296 301 302 332 337 354 363 366 386 395 402 416 423 427 429 431 439 451 456 458 472 477 479 486 489 515 526 529 546 561 573 590 592 604 609 610 624 646 655 661 662 673 691 745 750 754 775 780 796 808 809 813 831 837 840 859 861 872 904 907 922 935 937 942 945 954 958 961 965 971 977 987 990
425
0 1 2 4 5 7 8 11 14 15 16 18 19 23 26 31 33 35 36 37 38 40 41 44 53 56 59 63 64 65 67 68 71 75 77 78 82 84 90 98 99 100 101 102 103 105 106 107 110 112 116 119 120 121 122 124 126 127 128 130 136 137 138 139 141 142 144 145 147 150 154 156 158 160 162 165 166 167 170 174 176 179 182 186 189 198 199 200 201 202 204 209 210 211 213 216 217 219 221 222 226 228 229 232 233 234 236 239 240 244 245 248 249 255 261 263 264 265 266 267 268 271 272 273 279 280 282 283 285 287 290 294 295 296 298 299 300 301 302 306 307 311 319 320 325 328 329 331 332 334 335 337 341 342 343 349 354 356 362 363 364 366 367 371 379 383 384 385 386 388 390 391 393 394 395 397 398 402 407 408 414 415 416 417 419 422 423 424 427 428 429 431 433 438 439 441 444 448 451 452 453 456 458 460 463 464 471 472 476 477 478 479 483 485 486 489 491 492 494 496 506 512 513 514 515 516 519 522 526 527 529 531 532 534 535 537 545 546 548 549 552 555 558 561 563 564 566 569 572 573 575 576 577 580 581 582 589 590 592 598 599 604 606 607 609 610 611 614 620 621 624 627 629 630 635 639 642 644 645 646 647 648 649 653 654 655 659 661 662 663 673 676 677 678 687 689 691 694 695 696 700 701 703 705 708 709 710 714 718 721 722 723 724 725 726 727 728 729 730 732 739 745 748 750 754 757 758 760 765 768 770 774 775 776 780 781 782 783 784 786 790 796 798 799 807 808 809 810 812 813 816 817 822 825 830 831 832 835 836 837 839 840 843 848 851 857 858 859 860 861 870 872 873 874 877 886 892 896 904 907 911 916 917 918 919 922 923 925 926 929 930 935 936 937 939 942 943 945 949 951 952 953 954 955 958 961 962 963 965 966 967 968 969 971 972 974 977 982 983 984 987 989 990 996 999
208
10 11 18 30 32 40 50 51 53 54 55 59 66 90 92 95 98 99 103 108 109 118 146 149 151 162 165 175 184 187 189 203 206 213 215 217 222 226 230 236 246 256 259 260 267 269 271 274 276 279 285 296 298 312 315 318 324 329 338 339 347 349 354 364 369 375 392 399 400 413 416 417 418 425 436 441 442 446 448 450 454 456 464 472 474 490 494 501 502 503 508 509 512 518 519 526 531 532 533 539 547 551 553 554 565 573 583 587 588 590 592 597 598 603 605 611 623 625 639 642 645 648 652 653 656 658 659 661 662 664 665 673 678 693 698 700 706 708 709 710 712 716 720 722 731 732 733 735 736 748 749 752 765 769 773 777 778 781 790 794 795 797 799 800 802 808 812 816 818 825 833 835 836 838 839 848 858 863 868 872 874 877 881 887 891 895 898 901 908 916 920 936 943 944 949 955 963 964 966 967 970 973 975 979 983 985 988 991
513
1 6 9 10 11 13 14 16 18 19 22 26 28 29 30 32 33 36 39 40 45 46 48 50 51 53 54 55 57 58 59 62 63 66 67 73 74 76 80 81 88 90 91 92 93 98 99 100 103 108 109 113 115 118 120 122 124 125 126 127 130 134 141 142 146 147 149 151 156 160 161 162 165 167 170 171 172 175 181 184 187 188 189 190 191 192 195 196 198 200 201 203 204 206 207 210 211 212 213 214 215 217 222 226 227 228 230 234 236 238 239 240 243 246 252 253 255 256 259 260 262 263 264 267 269 270 271 274 276 279 280 285 286 290 292 296 297 298 300 302 303 306 308 312 313 314 315 318 319 320 321 322 323 324 326 328 329 330 332 333 338 339 340 341 342 343 347 349 352 353 354 361 362 364 365 366 369 370 373 375 377 383 388 389 390 391 392 393 396 398 399 400 402 407 411 413 414 416 417 418 425 426 429 432 433 435 436 437 441 442 444 445 446 448 449 450 454 456 457 462 464 466 467 470 472 474 476 479 481 490 491 493 494 496 497 498 500 501 502 503 505 506 508 509 511 512 513 518 519 520 521 522 523 526 528 529 530 531 532 533 539 540 546 547 549 551 553 554 558 562 565 567 569 570 571 572 573 576 577 579 581 583 585 587 588 590 591 592 593 595 597 598 599 603 604 605 607 610 611 612 613 614 616 620 622 623 625 627 635 639 640 642 645 647 648 649 650 652 653 654 656 658 659 660 661 662 664 665 668 673 674 676 678 680 687 689 692 693 694 696 698 699 700 703 706 707 708 709 710 712 716 717 719 720 721 722 723 724 725 728 731 732 733 735 736 738 739 740 741 746 748 749 750 751 752 758 761 763 764 765 766 767 769 770 772 773 774 777 778 780 781 782 784 787 790 791 794 795 796 797 799 800 801 802 803 804 805 807 808 809 812 814 816 817 818 820 821 822 825 827 828 830 831 833 834 835 836 837 838 839 841 843 844 848 850 852 853 855 857 858 860 861 863 865 867 868 870 872 874 875 876 877 879 880 881 884 885 887 889 891 895 898 899 901 903 906 908 909 912 914 916 917 919 920 921 926 929 930 931 936 939 940 943 944 946 948 949 950 955 961 962 963 964 965 966 967 970 971 973 975 976 977 979 980 981 983 985 988 991 993 994 995 997
78
7 35 37 45 62 107 111 113 121 127 138 141 159 162 167 180 193 212 218 235 242 263 266 268 277 290 292 299 301 317 344 346 348 350 366 397 437 441 444 445 466 473 495 498 537 547 553 560 564 565 575 629 673 690 701 719 766 787 798 801 811 816 825 835 838 848 851 855 882 910 931 937 938 965 971 973 981 983
372
0 1 4 7 9 11 14 16 18 19 26 28 29 31 35 37 40 44 45 48 49 50 61 62 64 67 71 72 73 76 77 78 80 82 83 85 86 89 90 91 104 105 107 110 111 113 115 119 120 121 127 130 132 133 134 138 141 150 152 154 155 159 161 162 165 167 168 169 172 176 178 180 181 182 183 184 186 187 193 196 198 199 203 207 210 211 212 215 217 218 219 220 223 227 228 232 233 235 237 240 241 242 243 250 256 259 263 264 266 268 272 275 277 279 280 287 290 292 295 297 298 299 301 302 308 309 310 311 316 317 325 334 337 338 340 341 342 344 345 346 347 348 350 361 364 366 368 370 372 376 377 378 383 384 386 388 389 393 396 397 404 409 411 415 419 425 427 429 434 437 441 444 445 449 450 451 454 457 461 463 466 467 469 472 473 477 481 482 486 487 494 495 496 497 498 500 525 526 528 529 530 532 534 535 537 538 539 541 543 544 545 547 552 553 554 555 557 559 560 562 564 565 573 574 575 581 588 589 592 593 596 599 601 602 609 612 613 619 621 623 629 630 635 636 639 640 642 644 649 650 652 653 656 657 662 668 670 673 676 678 680 681 689 690 691 694 701 707 710 712 714 718 719 721 726 728 731 736 741 744 751 752 756 761 766 767 769 772 773 775 776 777 778 780 783 784 786 787 795 796 797 798 801 803 807 808 809 811 814 816 822 823 825 827 828 834 835 837 838 841 845 847 848 849 851 853 855 858 860 861 863 866 869 871 874 875 876 877 882 890 900 902 903 906 907 910 915 917 921 925 928 931 935 937 938 950 955 958 961 962 963 965 971 972 981 983 986 988 991 993 995 997
684
0 2 3 4 5 6 7 8 9 11 13 14 16 17 18 19 21 22 24 26 27 30 31 33 34 36 39 40 42 44 45 46 49 51 57 58 61 63 64 65 66 67 70 71 72 73 75 76 78 79 81 82 83 86 87 89 90 91 92 95 96 97 99 101 102 103 104 106 108 109 110 111 112 113 114 115 116 117 118 119 120 121 124 125 126 128 130 136 140 143 144 146 148 149 150 151 152 154 155 156 158 160 161 162 164 166 168 169 170 171 173 174 175 176 177 180 181 182 183 184 186 187 189 190 193 194 197 204 205 206 207 209 210 211 212 213 214 215 217 218 219 220 221 222 223 224 225 226 227 228 229 230 234 235 236 237 238 240 241 244 245 246 248 249 250 251 252 253 255 256 257 258 259 260 261 262 263 264 265 267 269 272 274 276 279 282 283 285 286 287 288 289 293 295 296 297 298 299 300 302 304 305 306 307 308 309 310 311 313 314 315 316 317 319 320 321 322 323 324 328 330 331 333 334 335 336 337 338 339 343 345 346 347 349 350 351 352 353 355 356 357 359 360 362 364 367 370 371 372 373 374 375 376 377 380 381 384 385 386 388 389 390 391 392 393 394 395 397 399 400 401 402 404 405 408 409 410 412 413 414 415 416 417 418 420 421 422 423 424 425 426 427 428 429 430 431 432 433 435 436 437 439 440 441 442 443 444 445 446 447 449 450 451 453 456 457 460 461 463 465 466 467 469 470 474 475 476 477 478 479 481 483 485 486 487 488 489 492 493 494 495 496 498 499 501 502 503 504 507 508 509 512 514 516 517 518 519 520 521 522 524 525 527 528 529 530 532 533 534 535 536 538 539 544 546 547 548 549 550 552 553 554 555 556 560 561 563 565 568 571 572 573 574 575 576 577 579 580 585 586 587 588 589 590 591 592 593 594 595 597 599 600 601 603 604 605 606 608 609 610 612 614 615 617 618 619 621 622 625 631 632 638 639 641 643 644 645 647 648 651 652 654 655 656 658 659 660 661 663 664 666 667 669 670 672 673 674 675 676 677 679 680 681 683 684 686 687 688 690 691 692 694 696 697 698 699 700 703 705 706 709 710 711 712 713 714 715 716 717 718 719 721 722 723 724 725 726 729 730 731 732 733 735 738 740 741 742 743 744 745 746 748 749 750 752 753 754 755 756 757 758 759 762 765 771 772 774 775 777 778 780 781 784 787 789 790 792 794 795 796 797 798 799 801 802 803 804 805 807 808 809 810 811 812 813 814 815 816 817 818 821 822 823 824 825 826 829 830 832 838 839 840 841 842 843 844 845 846 847 849 850 852 853 855 857 859 862 863 864 865 867 868 869 870 876 877 879 880 881 882 883 884 886 887 888 890 891 892 893 894 896 897 898 899 900 902 903 904 905 906 907 908 909 910 912 914 915 916 917 919 920 921 922 923 924 925 928 929 931 937 938 939 941 943 945 946 948 949 951 953 954 956 957 958 959 960 961 962 963 964 965 966 967 968 969 970 972 974 975 976 978 979 980 981 982 983 985 986 989 992 993 997 998 999
838
0 1 2 3 4 5 6 7 8 9 10 11 13 14 16 17 18 19 21 22 24 26 27 30 31 33 34 35 36 39 40 41 42 43 44 45 46 47 48 49 51 52 56 57 58 61 62 63 64 65 66 67 70 71 72 73 75 76 78 79 80 81 82 83 84 85 86 87 88 89 90 91 92 94 95 96 97 99 100 101 102 103 104 105 106 107 108 109 110 111 112 113 114 115 116 117 118 119 120 121 123 124 125 126 128 129 130 133 135 136 137 139 140 141 143 144 145 146 147 148 149 150 151 152 153 154 155 156 157 158 160 161 162 164 165 166 167 168 169 170 171 173 174 175 176 177 178 179 180 181 182 183 184 185 186 187 189 190 192 193 194 195 197 199 200 202 203 204 205 206 207 208 209 210 211 212 213 214 215 217 218 219 220 221 222 223 224 225 226 227 228 229 230 231 232 233 234 235 236 237 238 239 240 241 242 243 244 245 246 247 248 249 250 251 252 253 255 256 257 258 259 260 261 262 263 264 265 266 267 269 270 271 272 273 274 276 277 279 282 283 285 286 287 288 289 292 293 295 296 297 298 299 300 302 304 305 306 307 308 309 310 311 313 314 315 316 317 318 319 320 321 322 323 324 325 326 327 328 330 331 333 334 335 336 337 338 339 340 341 342 343 345 346 347 349 350 351 352 353 354 355 356 357 359 360 361 362 364 365 367 368 370 371 372 373 374 375 376 377 380 381 384 385 386 387 388 389 390 391 392 393 394 395 396 397 399 400 401 402 404 405 407 408 409 410 412 413 414 415 416 417 418 419 420 421 422 423 424 425 426 427 428 429 430 431 432 433 435 436 437 438 439 440 441 442 443 444 445 446 447 449 450 451 453 456 457 458 459 460 461 463 465 466 467 469 470 471 474 475 476 477 478 479 480 481 483 484 485 486 487 488 489 490 492 493 494 495 496 498 499 500 501 502 503 504 506 507 508 509 512 513 514 515 516 517 518 519 520 521 522 524 525 527 528 529 530 531 532 533 534 535 536 537 538 539 541 544 546 547 548 549 550 552 553 554 555 556 557 558 559 560 561 562 563 564 565 566 568 570 571 572 573 574 575 576 577 579 580 582 585 586 587 588 589 590 591 592 593 594 595 596 597 599 600 601 602 603 604 605 606 607 608 609 610 612 613 614 615 617 618 619 620 621 622 625 628 630 631 632 638 639 640 641 643 644 645 647 648 649 651 652 654 655 656 658 659 660 661 663 664 666 667 669 670 672 673 674 675 676 677 678 679 680 681 683 684 686 687 688 689 690 691 692 693 694 696 697 698 699 700 701 702 703 704 705 706 707 709 710 711 712 713 714 715 716 717 718 719 721 722 723 724 725 726 727 728 729 730 731 732 733 734 735 737 738 740 741 742 743 744 745 746 748 749 750 752 753 754 755 756 757 758 759 761 762 763 765 770 771 772 773 774 775 776 777 778 779 780 781 784 787 788 789 790 792 793 794 795 796 797 798 799 801 802 803 804 805 806 807 808 809 810 811 812 813 814 815 816 817 818 819 820 821 822 823 824 825 826 828 829 830 831 832 833 834 835 836 838 839 840 841 842 843 844 845 846 847 848 849 850 852 853 855 857 858 859 860 862 863 864 865 867 868 869 870 872 873 875 876 877 878 879 880 881 882 883 884 885 886 887 888 889 890 891 892 893 894 896 897 898 899 900 901 902 903 904 905 906 907 908 909 910 911 912 913 914 915 916 917 919 920 921 922 923 924 925 927 928 929 931 932 934 935 937 938 939 941 943 944 945 946 947 948 949 951 952 953 954 956 957 958 959 960 961 962 963 964 965 966 967 968 969 970 972 973 974 975 976 978 979 980 981 982 983 984 985 986 988 989 990 991 992 993 995 996 997 998 999
209
4 5 19 27 28 30 34 44 45 46 47 52 57 68 71 72 109 119 122 124 138 146 148 153 161 162 164 166 173 177 179 180 182 184 188 197 198 201 213 217 221 227 228 233 234 237 241 247 249 251 255 261 263 270 271 276 283 292 294 295 311 315 319 324 335 345 357 361 367 370 376 378 380 388 395 401 406 410 420 422 423 429 434 441 442 446 448 453 456 463 467 473 477 480 485 501 509 510 518 527 536 543 545 548 550 552 561 566 570 572 575 578 579 580 592 595 604 605 607 615 616 619 622 623 633 639 642 646 648 653 658 667 672 682 683 686 690 693 694 704 717 720 728 733 737 747 750 752 755 771 773 776 780 783 784 787 795 797 803 808 809 811 816 817 827 835 840 844 847 865 866 873 876 877 878 879 881 884 889 891 903 905 907 908 909 912 914 922 925 927 929 932 935 936 942 949 953 954 957 960 965 967 969 974 980 984 985 991 995
365
4 5 9 19 27 28 30 34 44 45 46 47 52 57 58 68 71 72 77 79 88 94 97 103 109 113 119 122 124 129 131 133 138 139 146 148 151 153 157 161 162 164 166 173 177 178 179 180 181 182 184 185 188 197 198 199 201 204 208 213 216 217 220 221 225 227 228 229 233 234 235 237 241 243 244 246 247 249 251 254 255 257 258 261 263 266 270 271 272 276 279 283 288 292 293 294 295 305 306 311 313 315 319 321 324 326 331 335 338 344 345 351 357 361 367 368 370 376 378 380 385 388 392 395 396 397 401 406 409 410 412 418 420 422 423 424 426 428 429 432 433 434 438 441 442 446 448 453 456 460 461 463 467 473 477 480 483 484 485 487 491 497 501 504 508 509 510 515 516 518 520 523 527 536 539 542 543 545 548 549 550 552 555 561 566 569 570 572 573 575 578 579 580 583 592 595 600 604 605 607 610 615 616 618 619 622 623 630 631 633 635 639 640 642 644 646 648 653 654 658 662 665 667 668 669 671 672 673 682 683 685 686 688 690 693 694 698 704 705 706 713 717 720 721 725 727 728 729 733 735 737 739 745 747 750 752 755 760 764 771 773 776 778 779 780 782 783 784 787 788 789 793 795 796 797 799 803 804 808 809 811 813 814 816 817 821 826 827 831 833 835 836 837 838 840 844 847 848 854 856 864 865 866 873 876 877 878 879 881 882 883 884 887 889 891 897 900 903 905 907 908 909 912 914 919 920 922 924 925 927 929 930 932 933 935 936 937 939 942 943 945 949 952 953 954 957 960 965 967 968 969 972 974 975 980 982 984 985 986 987 989 991 993 995 996
75
3 11 44 45 52 58 81 122 130 155 180 238 250 254 259 286 307 309 333 364 367 370 387 421 444 503 505 507 525 526 534 551 561 570 578 603 607 613 614 629 641 643 665 678 679 684 699 719 721 724 730 752 765 773 780 781 791 805 811 815 830 866 888 894 909 917 919 924 938 940 945 983 991 996 999
260
3 5 11 13 16 20 25 26 36 38 44 45 52 55 58 66 77 81 86 87 96 105 106 109 120 121 122 123 130 136 137 149 151 152 153 155 158 168 169 172 176 177 180 190 191 194 195 200 202 210 213 219 225 227 229 231 233 238 239 244 250 251 252 254 255 259 264 267 268 274 278 281 285 286 291 299 301 304 307 309 310 311 314 316 317 331 333 346 352 353 355 357 364 366 367 370 374 378 379 383 387 389 394 401 407 415 416 420 421 424 429 431 434 436 444 455 459 461 466 467 472 476 477 483 485 501 503 504 505 506 507 518 521 525 526 530 533 534 540 541 543 548 551 553 555 557 559 561 570 572 578 593 601 603 607 608 614 615 616 620 626 628 629 634 641 643 651 658 662 665 668 674 675 678 679 684 687 689 691 693 694 699 705 707 708 715 717 719 721 724 730 742 743 745 747 752 753 759 760 763 765 770 772 773 780 781 783 791 795 798 800 805 808 809 811 814 815 819 821 827 830 831 838 841 844 866 869 880 888 894 897 899 900 906 909 917 919 923 924 927 929 931 938 940 945 950 952 958 959 961 962 968 980 981 983 991 992 996 997 999
745
0 1 2 3 4 6 7 8 9 12 13 15 16 17 21 22 23 26 27 28 29 30 31 32 33 34 36 37 38 39 40 42 43 44 45 46 49 50 51 59 60 61 62 63 64 65 66 67 68 69 70 71 72 73 74 75 78 80 82 83 86 88 89 91 94 95 98 101 102 104 105 106 110 111 112 113 114 115 116 117 118 119 120 121 122 123 124 125 126 127 128 129 130 131 133 135 136 137 138 139 140 143 144 145 147 148 149 151 152 153 154 155 156 157 158 159 161 162 163 165 168 170 171 172 175 176 177 179 181 182 183 184 186 187 188 189 190 191 192 194 195 196 197 198 199 202 204 205 207 209 210 211 212 213 214 215 216 217 219 220 221 224 225 226 228 229 230 231 232 233 236 237 239 240 242 243 244 245 246 248 251 254 255 256 257 258 259 260 261 263 264 265 266 267 268 269 270 271 272 273 274 276 277 278 279 280 282 283 284 285 286 290 291 292 293 294 295 296 297 298 299 301 303 304 305 307 308 311 312 314 315 317 318 319 320 322 323 324 327 328 330 332 333 334 335 336 337 338 342 343 344 345 346 347 348 349 351 352 353 354 355 356 357 358 359 362 363 364 365 366 367 368 369 370 371 374 375 376 378 379 380 381 382 383 384 386 387 389 390 392 393 396 397 398 399 400 401 402 403 404 405 407 408 409 410 413 415 416 419 422 423 424 425 426 427 429 430 432 433 434 435 436 437 439 440 442 443 444 445 446 448 451 452 453 454 455 456 457 458 459 460 462 463 465 466 468 469 470 471 472 473 474 475 476 477 478 480 481 482 483 484 485 486 487 489 490 491 493 496 498 499 500 501 502 503 505 508 509 511 514 515 516 517 518 521 523 525 526 528 529 531 532 535 538 539 541 542 545 546 547 548 549 551 552 553 554 555 558 559 560 561 562 564 565 566 567 569 570 571 572 573 574 575 576 577 578 579 582 583 584 585 586 588 591 592 593 595 596 597 599 600 601 602 603 604 606 607 608 610 611 612 613 614 615 616 618 619 620 621 622 623 624 629 630 631 633 634 635 638 639 640 642 643 644 645 646 648 650 651 652 653 654 656 657 659 660 662 663 664 665 666 667 669 670 671 672 673 674 675 676 677 678 679 680 681 682 683 684 685 688 689 690 691 692 693 694 695 696 700 701 703 705 706 708 709 711 712 713 714 715 716 717 719 720 721 722 723 724 725 727 728 729 730 731 732 733 734 737 739 740 742 744 746 747 748 749 750 752 753 755 756 757 758 759 760 761 762 763 766 768 769 770 772 773 774 776 777 780 782 783 785 787 788 789 792 793 794 795 796 798 800 801 802 804 806 807 808 809 811 812 813 814 815 816 817 818 819 821 823 825 827 830 831 833 834 835 836 837 838 839 840 841 842 844 845 846 849 850 851 853 854 855 857 859 861 862 863 864 865 866 867 869 870 871 872 873 874 875 876 878 880 881 882 883 884 886 887 888 891 892 893 894 895 896 897 898 899 900 902 903 904 906 907 908 909 910 911 912 913 914 915 916 917 918 920 921 923 924 927 928 930 931 932 934 935 936 937 938 939 941 942 943 944 945 946 947 948 949 950 951 952 953 954 958 959 960 962 963 964 965 966 969 970 972 973 974 975 976 978 979 980 981 982 985 986 987 988 989 990 992 993 996 997 998 999
896
0 1 2 3 4 5 6 7 8 9 10 12 13 15 16 17 21 22 23 25 26 27 28 29 30 31 32 33 34 35 36 37 38 39 40 42 43 44 45 46 49 50 51 52 53 55 56 57 59 60 61 62 63 64 65 66 67 68 69 70 71 72 73 74 75 76 78 79 80 81 82 83 84 86 88 89 90 91 92 93 94 95 96 98 101 102 104 105 106 107 110 111 112 113 114 115 116 117 118 119 120 121 122 123 124 125 126 127 128 129 130 131 133 134 135 136 137 138 139 140 142 143 144 145 146 147 148 149 150 151 152 153 154 155 156 157 158 159 160 161 162 163 164 165 166 168 170 171 172 173 174 175 176 177 178 179 181 182 183 184 186 187 188 189 190 191 192 194 195 196 197 198 199 202 203 204 205 206 207 208 209 210 211 212 213 214 215 216 217 219 220 221 222 224 225 226 228 229 230 231 232 233 235 236 237 238 239 240 241 242 243 244 245 246 247 248 249 250 251 252 253 254 255 256 257 258 259 260 261 263 264 265 266 267 268 269 270 271 272 273 274 275 276 277 278 279 280 281 282 283 284 285 286 287 288 290 291 292 293 294 295 296 297 298 299 301 303 304 305 307 308 309 311 312 314 315 316 317 318 319 320 321 322 323 324 325 326 327 328 330 332 333 334 335 336 337 338 339 340 342 343 344 345 346 347 348 349 351 352 353 354 355 356 357 358 359 361 362 363 364 366 367 368 369 370 371 372 374 375 376 377 378 379 380 381 382 383 384 385 386 387 388 389 390 392 393 396 397 398 399 400 401 402 403 404 405 406 407 408 409 410 411 412 413 415 416 417 419 420 422 423 424 425 426 427 428 429 430 432 433 434 435 436 437 439 440 441 442 443 444 445 446 448 450 451 452 453 454 455 456 457 458 459 460 462 463 464 465 466 467 468 469 470 471 472 473 474 475 476 477 478 479 480 481 482 483 484 485 486 487 488 489 490 491 492 493 494 496 497 498 499 500 501 502 503 504 505 508 509 511 512 514 515 516 517 518 519 521 523 525 526 527 528 529 530 531 532 533 534 535 536 537 538 539 540 541 542 543 544 545 546 547 548 549 551 552 553 554 555 556 557 558 559 560 561 562 564 565 566 567 568 569 570 571 572 573 574 575 576 577 578 579 580 582 583 584 585 586 587 588 589 590 591 592 593 594 595 596 597 598 599 600 601 602 603 604 605 606 607 608 610 611 612 613 614 615 616 617 618 619 620 621 622 623 624 626 628 629 630 631 633 634 635 636 638 639 640 641 642 643 644 645 646 647 648 649 650 651 652 653 654 655 656 657 658 659 660 661 662 663 664 665 666 667 668 669 670 671 672 673 674 675 676 677 678 679 680 681 682 683 684 685 686 688 689 690 691 692 693 694 695 696 697 698 699 700 701 703 705 706 708 709 711 712 713 714 715 716 717 718 719 720 721 722 723 724 725 726 727 728 729 730 731 732 733 734 735 737 738 739 740 742 743 744 745 746 747 748 749 750 751 752 753 755 756 757 758 759 760 761 762 763 765 766 767 768 769 770 772 773 774 776 777 779 780 781 782 783 784 785 786 787 788 789 790 792 793 794 795 796 797 798 799 800 801 802 803 804 805 806 807 808 809 810 811 812 813 814 815 816 817 818 819 820 821 823 824 825 826 827 829 830 831 832 833 834 835 836 837 838 839 840 841 842 844 845 846 847 848 849 850 851 852 853 854 855 857 858 859 861 862 863 864 865 866 867 868 869 870 871 872 873 874 875 876 878 879 880 881 882 883 884 886 887 888 891 892 893 894 895 896 897 898 899 900 901 902 903 904 906 907 908 909 910 911 912 913 914 915 916 917 918 920 921 923 924 925 926 927 928 929 930 931 932 934 935 936 937 938 939 940 941 942 943 944 945 946 947 948 949 950 951 952 953 954 957 958 959 960 962 963 964 965 966 967 968 969 970 971 972 973 974 975 976 978 979 980 981 982 983 984 985 986 987 988 989 990 991 992 993 994 995 996 997 998 999
319
4 5 7 9 18 23 30 31 34 45 46 51 52 53 54 58 60 65 67 68 73 75 78 82 88 92 93 94 97 105 108 117 122 125 129 131 135 136 138 142 143 148 154 157 158 161 164 165 167 174 177 178 179 180 185 190 191 192 199 205 212 213 219 223 228 229 232 235 236 239 240 241 242 243 247 248 251 254 255 258 261 262 267 270 273 274 281 283 284 286 288 290 291 292 293 295 296 297 300 301 304 307 313 317 318 324 327 328 329 331 336 338 339 341 342 343 347 350 351 355 361 362 365 367 369 370 371 373 378 380 384 385 387 388 393 395 398 406 407 409 416 420 425 426 432 433 435 439 441 445 452 456 458 478 479 485 488 489 499 503 509 510 511 513 516 517 518 520 530 534 538 539 543 545 547 552 554 556 559 560 562 564 569 570 575 577 578 580 583 584 591 592 596 597 601 608 609 610 613 614 615 622 628 632 633 640 641 651 652 656 658 660 661 662 663 664 668 670 675 679 683 685 691 697 698 700 701 706 708 713 717 718 719 727 729 730 731 732 733 734 737 738 744 751 756 758 760 768 770 775 778 788 793 798 799 806 807 810 811 812 817 827 830 837 842 848 850 853 856 859 860 876 880 884 885 888 889 890 892 893 895 896 901 904 905 906 907 909 911 915 917 918 919 920 924 926 927 931 932 934 935 948 951 952 956 957 962 966 968 969 972 976 979 982 987 990 994 998 999
372
4 5 7 9 16 18 23 30 31 34 43 45 46 48 50 51 52 53 54 58 60 65 67 68 69 73 75 78 82 88 91 92 93 94 97 105 108 109 117 119 122 125 128 129 131 134 135 136 138 142 143 148 150 154 157 158 161 164 165 167 174 177 178 179 180 185 190 191 192 199 201 205 210 212 213 219 223 224 228 229 231 232 235 236 239 240 241 242 243 247 248 251 254 255 257 258 261 262 267 269 270 273 274 281 283 284 286 288 290 291 292 293 295 296 297 300 301 302 304 307 313 317 318 324 327 328 329 331 336 338 339 341 342 343 347 350 351 352 355 356 361 362 365 367 369 370 371 373 378 380 384 385 387 388 393 395 398 399 402 406 407 409 412 416 419 420 425 426 432 433 434 435 439 441 445 452 456 458 463 464 478 479 481 484 485 488 489 490 494 499 503 509 510 511 513 516 517 518 520 530 534 538 539 543 545 547 552 554 556 559 560 562 564 569 570 575 576 577 578 580 583 584 588 589 590 591 592 596 597 601 608 609 610 612 613 614 615 616 622 628 630 632 633 634 640 641 642 651 652 656 658 660 661 662 663 664 668 669 670 672 673 675 679 683 685 691 697 698 700 701 706 708 711 713 718 719 727 729 730 731 732 733 734 737 738 744 751 756 758 760 763 764 768 770 771 775 778 784 788 793 798 799 806 807 810 811 812 817 818 827 830 837 842 848 850 853 856 859 860 866 876 880 884 885 888 889 890 892 893 895 896 901 904 905 906 907 909 911 915 917 918 919 920 921 924 926 927 931 932 934 935 943 948 951 952 956 957 962 966 968 969 972 976 979 982 984 987 990 991 994 998 999
